,generation,best,average,worst
0,0,-514876.0,-1921370.42,-4384121.0
1,1,-289742.0,-1520822.63,-3275236.0
2,2,-248987.0,-1352430.385,-2995499.0
3,3,-205813.0,-1224799.4,-3109886.0
4,4,-222992.0,-1218947.295,-2916891.0
5,5,-274842.0,-1130849.305,-2378162.0
6,6,-243055.0,-1140691.82,-3194448.0
7,7,-196283.0,-1132782.94,-2991938.0
8,8,-232560.0,-1079986.065,-2529533.0
9,9,-202724.0,-1017434.715,-2700852.0
10,10,-193937.0,-1045085.44,-2968129.0
11,11,-220963.0,-1031943.79,-2529470.0
12,12,-123650.0,-988701.025,-2660943.0
13,13,-137615.0,-991688.275,-2577187.0
14,14,-252312.0,-897219.65,-2148928.0
15,15,-121455.0,-840721.63,-2214919.0
16,16,-133892.0,-817443.13,-2120204.0
17,17,-140725.0,-798535.89,-2447683.0
18,18,-100744.0,-836446.69,-1925947.0
19,19,-173154.0,-767438.5,-2244204.0
20,20,-108160.0,-790876.015,-2079652.0
21,21,-123466.0,-793683.215,-2072555.0
22,22,-118120.0,-771379.625,-2702855.0
23,23,-124771.0,-747328.515,-2092159.0
24,24,-90746.0,-709809.51,-2228923.0
25,25,-83276.0,-661798.375,-2042095.0
26,26,-85198.0,-675558.195,-1799785.0
27,27,-116852.0,-673409.665,-1830340.0
28,28,-67289.0,-691519.75,-2123625.0
29,29,-81037.0,-641684.625,-2398684.0
30,30,-87418.0,-614349.855,-2024546.0
31,31,-92552.0,-610001.38,-2200748.0
32,32,-76916.0,-566583.555,-1772980.0
33,33,-76569.0,-534956.955,-1617773.0
34,34,-87757.0,-541433.445,-2585954.0
35,35,-73674.0,-549146.39,-1599435.0
36,36,-92559.0,-502752.61,-1489835.0
37,37,-64696.0,-456838.595,-1300122.0
38,38,-54099.0,-471587.615,-1495536.0
39,39,12826.0,-496960.11,-2334413.0
40,40,12826.0,-485215.145,-2060553.0
41,41,-42907.0,-476459.965,-1639436.0
42,42,42027.0,-433500.31,-1617945.0
43,43,-5942.0,-433667.45,-1787255.0
44,44,3526.0000000000036,-399605.2,-1651624.0
45,45,14252.0,-412126.725,-1628094.0
46,46,7093.0,-380224.025,-1388281.0
47,47,6560.000000000004,-380771.375,-1345322.0
48,48,26382.0,-370616.88,-1541392.0
49,49,26382.0,-327157.92,-1219912.0
50,50,26382.0,-334134.225,-1744086.0
51,51,4241.0,-340893.35,-1441302.0
52,52,28227.0,-314517.62,-1468506.0
53,53,57415.0,-337342.605,-1690083.0
54,54,16320.0,-319024.755,-1649965.0
55,55,37124.0,-292577.285,-1400266.0
56,56,37124.0,-297298.225,-1505384.0
57,57,37403.0,-299833.565,-1703029.0
58,58,37403.0,-317562.77,-1357819.0
59,59,19342.0,-310614.72,-1319652.0
60,60,19342.0,-278200.15,-1412496.0
61,61,44870.0,-269618.885,-1284757.0
62,62,44870.0,-244545.79,-1412210.0
63,63,41463.0,-252156.05,-1259714.0
64,64,41463.0,-253315.08,-1393082.0
65,65,51487.0,-265964.855,-1433581.0
66,66,75842.0,-224437.22,-1650562.0
67,67,68398.0,-216959.915,-1646616.0
68,68,58429.0,-221165.145,-1391354.0
69,69,84744.0,-200483.805,-1279359.0
70,70,109461.0,-199760.07,-1198120.0
71,71,109081.0,-139053.58,-1233061.0
72,72,94638.0,-211372.685,-1406824.0
73,73,114026.0,-177695.315,-1670955.0
74,74,99353.0,-201176.505,-1390677.0
75,75,99353.0,-182760.14,-927336.0
76,76,99353.0,-159327.415,-1181117.0
77,77,99353.0,-163299.03,-1172080.0
78,78,99353.0,-143409.27,-831748.0
79,79,109304.0,-164373.43,-1040860.0
80,80,104299.0,-145433.53,-838057.0
81,81,111322.0,-174014.52,-1189408.0
82,82,113325.0,-161196.055,-1149632.0
83,83,113325.0,-115173.555,-969520.0
84,84,114597.0,-129551.005,-1389739.0
85,85,138364.0,-102087.78,-1015558.0
86,86,122632.0,-141087.655,-1066766.0
87,87,147068.0,-162986.475,-1114546.0
88,88,154718.0,-103783.54,-1283067.0
89,89,117592.0,-123869.17,-1039492.0
90,90,136752.0,-114904.565,-894015.0
91,91,136752.0,-102103.31,-928184.0
92,92,143436.0,-68816.57,-930104.0
93,93,157455.0,-94642.46,-836998.0
94,94,147235.0,-82671.68,-1034732.0
95,95,168892.0,-96541.3,-992798.0
96,96,147235.0,-97321.75,-876244.0
97,97,147235.0,-78059.495,-848681.0
98,98,146679.0,-94942.005,-854049.0
99,99,168748.0,-72206.62,-826592.0
